0,1,2,3,4,5,6,7,8,9,10,11,12,13,14,15,16,17,18,19,20,21,22,23,24,25,26,27,28,29,30,31,32,33,34,35,36,37,38,39,40,41,42,43,44,45,46,47,48,49,label
1,0,2,0,0,0,10,1,1,4,0,0,4,0,1,1,1,0,2,0,1,0,0,0,1,2,2,2,0,3,0,1,2,1,0,2,1,0,0,0,0,3,2,0,1,0,0,2,2,0,0
1,1,0,0,2,1,0,0,0,0,0,0,0,0,0,0,0,0,0,0,0,0,0,0,0,0,1,0,2,0,0,0,0,0,0,0,0,0,0,1,0,0,1,0,0,0,0,0,0,0,0
0,0,0,0,0,0,0,0,0,0,0,0,6,0,0,1,0,1,0,0,1,0,0,0,0,2,0,1,2,0,0,0,0,0,0,2,0,0,0,0,0,0,0,0,1,2,0,0,0,0,1
0,0,0,0,0,0,10,2,1,0,1,0,8,0,0,0,0,0,0,0,3,0,0,0,3,0,1,1,10,2,1,2,1,0,0,1,1,1,2,0,0,0,1,0,0,0,0,1,0,1,0
0,0,0,0,0,0,0,0,0,2,0,0,1,0,0,1,0,0,0,0,0,0,0,0,0,0,0,1,0,0,0,1,0,1,0,0,0,1,0,0,1,0,0,0,0,0,1,0,0,0,1
0,0,0,0,0,0,0,0,0,0,0,0,1,0,0,0,0,0,0,0,0,0,0,0,0,0,0,0,0,1,0,0,0,0,0,0,0,0,0,0,0,0,0,0,0,0,0,0,0,0,1
0,0,0,0,0,0,8,0,1,0,0,0,2,0,1,0,0,0,0,1,0,0,0,1,2,0,1,0,4,1,0,1,0,0,0,1,0,0,0,3,1,2,2,0,0,0,1,1,0,1,0
0,1,0,0,0,0,4,0,0,0,1,1,0,0,0,1,1,0,0,0,0,0,0,0,0,0,0,0,3,0,0,1,0,0,0,0,0,2,0,0,0,0,1,0,1,0,1,0,0,0,0
0,0,1,0,0,0,4,1,1,1,1,1,4,1,0,1,0,0,2,2,0,1,1,0,3,0,0,2,3,2,1,1,3,1,0,0,3,1,1,1,2,1,0,0,1,1,0,0,1,1,1
0,0,0,0,1,1,4,0,0,0,0,0,0,0,0,0,0,0,0,0,0,0,0,0,0,0,0,0,0,0,0,1,0,1,0,0,0,2,0,0,0,0,0,0,0,0,0,0,0,0,1
0,0,0,0,0,0,6,0,1,0,1,0,5,0,2,1,1,2,0,0,4,0,0,0,0,0,0,2,0,0,0,2,0,2,0,0,0,1,0,0,0,0,0,0,1,0,1,0,0,0,1
1,0,0,1,0,0,6,0,0,0,1,1,4,0,0,1,1,0,0,0,1,0,0,0,0,0,0,0,1,0,0,1,0,0,0,0,1,0,1,0,3,0,2,0,0,0,1,0,0,0,0
0,0,0,0,0,0,0,0,0,0,1,0,0,0,0,0,0,0,0,0,0,0,0,0,1,0,0,0,2,0,0,0,1,1,0,1,1,0,0,0,0,1,0,0,0,0,1,0,0,0,0
0,0,0,0,1,0,0,0,0,0,0,2,1,0,0,0,0,0,0,1,1,3,1,0,2,0,0,0,4,0,0,1,0,0,1,1,0,0,0,0,0,0,1,0,1,0,0,0,0,1,0
0,1,0,1,1,0,4,1,1,0,0,0,4,0,0,0,1,0,0,0,1,0,1,0,0,0,0,0,0,0,0,0,0,1,0,0,1,0,0,1,0,0,0,0,1,0,1,0,0,0,1
0,0,0,2,0,0,0,0,0,0,0,0,4,0,0,0,0,0,0,1,0,0,0,0,0,0,0,0,1,0,1,0,1,0,0,0,0,0,1,0,0,0,0,0,0,2,0,0,0,0,0
1,0,0,0,0,0,18,0,0,0,0,0,0,1,1,0,2,1,0,0,1,0,0,0,0,1,0,2,6,1,1,0,0,1,2,1,0,0,0,0,0,0,0,1,1,0,1,0,0,0,1
0,0,0,1,0,0,6,0,0,1,1,0,0,0,1,0,2,0,0,0,1,0,0,0,0,0,0,0,0,0,0,0,0,0,0,0,0,0,0,0,0,0,2,0,1,0,0,0,0,0,0
0,0,0,0,0,0,2,2,0,0,0,0,0,0,0,0,0,0,0,2,1,0,0,0,0,0,0,0,0,0,0,0,0,0,0,0,0,0,2,0,0,0,1,0,0,0,0,0,1,0,0
1,0,0,0,1,1,0,0,0,0,0,2,0,1,1,0,1,0,0,0,0,0,0,0,0,1,0,0,4,0,0,2,0,0,0,0,0,0,0,0,0,0,0,0,0,0,0,0,1,0,0
0,0,2,2,0,0,10,0,1,0,0,0,1,0,0,0,0,1,0,0,2,0,2,0,0,0,0,0,0,1,0,0,0,0,0,0,0,0,1,0,0,0,1,0,0,0,1,0,0,0,0
0,0,0,0,0,0,0,0,0,0,0,0,2,0,0,0,0,0,0,1,0,1,0,0,0,0,0,0,1,0,0,0,0,0,0,0,1,0,0,0,0,0,0,0,0,0,0,0,1,0,1
0,0,1,0,0,0,0,0,0,0,0,0,0,0,0,0,0,1,0,0,0,0,0,0,0,0,1,1,4,1,0,1,0,0,0,0,1,1,0,0,0,0,0,1,0,1,0,0,1,0,0
1,0,0,2,0,0,6,0,1,0,0,0,4,0,0,0,0,0,0,0,1,0,0,0,0,2,1,0,4,0,1,0,1,3,1,1,0,1,0,0,0,0,1,0,1,0,1,2,3,0,0
0,0,0,0,0,0,6,0,3,0,0,0,0,0,3,0,1,0,0,3,2,0,1,0,0,0,0,0,0,0,0,1,0,0,0,0,0,0,1,2,0,0,0,0,0,0,0,0,0,0,1
0,0,0,0,0,0,0,0,0,0,0,0,0,0,1,1,4,1,2,0,0,0,0,2,0,0,0,0,10,1,0,1,0,0,0,0,0,1,0,0,0,0,1,0,3,0,0,0,0,0,1
0,0,0,2,0,1,0,0,0,0,2,0,0,2,1,0,0,0,1,1,1,1,0,0,0,1,0,0,0,1,1,1,0,0,1,1,0,0,0,0,0,0,1,1,0,0,0,0,3,1,0
0,0,0,0,0,0,0,0,0,0,0,0,0,0,0,0,0,0,0,0,0,0,0,0,0,0,0,0,0,0,1,0,0,0,0,0,0,1,0,0,0,0,0,0,0,0,0,0,0,0,0
0,0,3,2,1,0,8,2,0,1,1,1,16,1,2,0,3,6,1,0,3,2,1,0,1,2,0,3,8,0,1,7,0,1,3,0,0,1,1,0,6,1,4,1,0,0,1,0,4,0,1
3,1,0,12,0,1,8,1,1,0,2,1,1,0,0,0,1,0,0,0,1,0,0,1,0,3,1,1,8,0,0,0,0,0,1,1,4,1,0,0,0,0,1,0,0,1,1,2,2,0,0
0,0,0,0,0,0,10,0,0,0,0,0,0,0,0,0,1,0,0,0,1,0,0,0,0,0,0,0,0,0,0,1,0,0,0,0,2,0,0,1,0,2,1,2,0,0,0,0,0,0,1
0,0,2,0,0,0,0,1,1,0,0,0,0,0,1,1,1,0,0,0,2,0,1,0,0,0,0,1,0,0,0,2,0,0,0,0,0,1,3,3,0,0,1,1,0,0,0,0,0,0,1
0,0,0,0,0,0,0,0,0,0,2,0,0,0,1,0,0,0,0,0,0,0,0,0,0,0,0,0,3,0,0,0,0,0,0,0,0,0,0,0,0,0,0,0,0,0,0,0,0,0,0
0,0,1,2,1,0,8,0,1,0,0,0,1,1,1,1,2,1,0,1,1,4,0,1,3,4,1,1,4,0,1,2,0,3,2,0,0,0,0,0,0,0,0,0,1,0,3,0,2,2,0
0,0,1,0,0,0,0,0,1,0,0,0,0,0,0,0,2,0,1,0,1,0,0,0,0,1,0,0,8,0,0,2,0,0,0,1,0,0,0,0,0,0,2,0,1,0,0,0,0,0,0
1,0,0,2,0,0,2,0,0,0,0,0,4,0,0,0,1,3,0,0,0,1,0,0,1,0,0,0,0,1,0,0,0,0,0,0,0,0,0,0,0,0,0,0,0,1,0,0,0,1,1
2,0,0,0,0,0,0,0,1,1,0,0,0,0,0,0,1,0,0,1,0,0,1,1,0,1,0,0,7,0,0,3,0,0,0,0,2,1,1,3,2,1,0,0,0,1,0,0,0,0,1
2,2,0,0,0,0,0,0,0,0,1,0,0,0,0,0,0,0,0,0,1,0,0,0,0,0,0,0,1,1,0,0,0,0,0,0,2,0,0,0,0,0,1,0,0,1,0,1,0,0,0
0,0,0,0,0,0,2,0,0,0,0,0,0,0,0,0,1,0,1,0,0,0,0,0,0,1,0,0,5,0,0,2,0,0,0,1,0,1,0,0,0,0,0,0,0,1,0,0,0,0,0
0,0,0,0,0,0,0,0,2,0,1,0,0,0,0,0,0,0,2,0,0,0,0,0,0,1,0,0,0,0,0,3,0,0,1,0,0,0,0,1,0,0,1,0,0,0,2,0,0,0,0
1,2,3,2,1,1,8,1,1,0,1,0,4,0,0,1,1,0,0,1,0,0,0,0,1,1,0,1,1,2,0,1,0,0,0,0,0,1,0,0,0,1,0,1,1,0,0,1,0,0,0
1,0,1,2,0,1,6,1,0,0,1,1,0,0,0,0,0,0,1,2,0,1,0,0,0,0,1,0,0,0,0,2,0,0,0,0,0,0,0,0,0,1,0,1,0,0,0,0,0,0,0
0,1,0,0,1,0,10,2,1,0,0,0,6,0,0,0,1,0,0,0,0,0,0,0,0,1,0,0,0,0,1,3,0,0,0,0,0,0,0,0,0,0,1,0,0,1,0,1,0,0,1
0,0,1,0,0,0,0,0,0,0,1,0,3,0,0,0,0,0,0,0,0,0,0,0,0,2,0,1,0,0,0,1,1,0,0,1,0,0,2,0,0,0,0,0,1,0,1,1,0,0,0
0,0,1,0,1,0,0,0,0,0,0,0,0,1,1,0,0,0,0,0,0,0,0,0,0,0,0,0,2,0,0,0,0,0,0,0,3,0,0,0,0,0,3,0,0,1,1,0,0,0,1
0,0,0,0,0,0,12,0,0,0,1,0,5,0,0,0,1,0,0,0,0,1,0,0,1,3,0,0,1,0,0,0,0,0,0,0,0,0,1,1,0,1,2,0,0,0,0,0,1,0,0
0,0,0,0,0,1,4,0,0,1,0,0,0,0,1,0,1,0,0,0,0,0,0,0,0,0,0,0,3,0,0,0,0,0,0,0,0,1,0,0,0,0,0,0,0,1,0,0,0,0,0
0,0,0,0,0,0,0,0,0,0,0,0,0,0,0,0,0,1,2,0,0,0,0,0,0,0,0,0,0,0,1,0,0,0,0,0,0,1,0,0,0,2,1,0,0,0,0,0,0,0,1
0,0,0,0,0,0,2,0,0,0,0,0,0,0,0,0,0,1,0,0,0,0,0,0,0,0,0,0,1,0,1,0,0,1,0,0,0,0,0,0,0,0,0,0,0,0,1,0,0,0,0
1,1,1,0,1,1,4,0,1,0,2,0,1,0,0,1,2,0,0,0,2,0,1,0,2,1,1,0,3,0,3,3,2,0,0,0,3,0,0,0,1,1,1,2,0,0,0,0,0,0,0
0,1,2,0,1,1,0,0,0,0,2,0,1,2,0,0,1,1,0,0,1,0,0,0,0,0,0,0,2,0,0,0,0,0,0,0,0,2,0,0,1,0,0,1,0,1,0,0,2,2,0
0,0,0,1,0,0,14,0,0,0,2,0,0,0,1,0,1,0,0,2,1,0,1,0,0,0,1,0,1,1,1,3,1,0,0,1,0,0,0,0,1,0,0,0,0,0,1,0,0,0,1
0,0,0,1,0,1,0,0,0,0,0,0,0,0,1,0,0,0,0,0,1,0,0,0,1,0,0,0,7,0,3,0,0,3,1,0,0,0,0,0,0,0,4,0,0,0,0,0,0,1,0
0,0,0,0,0,0,0,0,0,0,0,0,0,0,0,0,0,0,0,0,1,0,1,0,1,0,1,0,0,0,0,0,0,0,0,0,0,0,1,0,0,0,1,0,0,0,0,0,0,0,1
0,0,0,1,0,0,4,0,0,1,0,0,2,1,3,0,0,0,0,0,1,0,1,2,0,0,0,0,0,3,0,4,0,0,1,0,0,0,0,1,0,0,2,0,1,0,1,1,0,1,1
0,0,0,0,0,0,0,0,0,0,0,0,1,0,0,0,0,0,0,0,1,1,0,0,0,0,0,0,0,0,0,0,0,0,0,0,0,0,0,2,2,1,0,0,0,0,0,0,0,0,0
0,0,1,1,1,0,0,0,0,0,0,0,5,0,0,2,0,0,0,0,0,0,0,0,1,0,0,0,0,0,0,0,0,0,1,1,0,0,0,0,0,0,0,0,0,3,2,1,0,0,1
0,0,0,0,0,0,0,0,0,0,0,1,2,0,0,0,0,0,1,0,0,0,2,0,0,0,1,0,0,0,0,0,0,0,1,0,0,0,1,0,0,0,0,1,0,1,0,0,0,0,0
0,0,0,0,0,0,6,0,0,0,0,0,0,0,0,0,0,0,0,0,0,0,0,0,0,0,0,0,0,0,1,0,0,0,0,0,0,0,1,0,0,0,0,0,0,0,0,0,0,0,1
0,2,1,0,2,0,8,1,1,3,3,3,5,1,2,1,1,0,0,2,1,1,1,1,0,1,5,1,2,2,1,1,1,0,0,0,0,2,0,1,0,0,3,1,0,0,1,1,0,2,1
0,0,0,1,0,0,4,0,0,0,0,0,0,0,0,1,0,0,1,0,0,0,0,0,1,0,0,0,3,0,0,0,0,0,1,0,0,0,0,0,0,0,0,0,0,0,0,1,1,0,0
0,0,0,0,0,0,0,1,0,0,0,0,0,2,0,0,1,0,0,0,0,1,0,1,1,0,0,0,3,1,0,0,0,0,0,0,0,1,0,0,0,0,2,0,0,1,0,1,1,0,1
1,0,0,0,0,1,0,0,0,0,0,0,0,0,0,0,1,1,0,0,0,0,0,0,0,0,0,0,3,1,0,0,0,0,0,0,0,0,0,0,0,0,0,0,0,0,0,0,1,0,1
0,0,1,0,0,0,14,0,0,1,1,0,0,1,2,0,0,1,1,0,3,0,0,0,0,0,0,0,0,0,0,1,0,0,1,0,1,0,0,0,0,0,2,0,2,0,0,1,0,0,1
0,0,0,0,0,0,0,0,0,0,0,1,1,0,1,0,0,0,0,0,0,0,0,1,0,0,0,0,2,0,1,1,0,0,0,0,0,0,1,0,0,0,0,0,1,0,1,0,0,0,1
0,0,0,2,2,0,6,0,1,0,0,0,2,0,2,0,1,0,1,0,1,0,0,0,0,3,2,1,4,1,0,0,0,0,0,1,0,1,0,3,0,2,0,0,0,0,0,0,2,0,0
0,0,2,0,1,0,8,1,0,0,0,1,3,0,0,0,2,1,0,0,3,0,0,0,0,0,0,0,3,1,0,0,0,1,1,1,0,1,1,0,0,0,1,0,2,0,1,0,1,0,1
1,0,1,2,0,1,8,2,0,1,2,0,7,0,3,1,0,0,0,0,2,1,2,0,1,0,0,0,0,0,2,2,1,1,2,1,5,1,0,0,3,0,4,1,0,0,1,0,1,1,0
1,0,0,1,0,0,4,0,1,0,0,2,2,0,2,1,1,0,0,0,1,0,0,0,0,0,0,0,6,0,0,0,0,1,0,0,2,0,0,1,0,0,1,1,0,1,0,2,1,0,0
0,0,0,0,0,0,0,0,0,0,0,1,0,0,1,0,0,1,0,0,0,0,0,0,0,0,0,0,1,0,0,0,0,0,0,0,0,0,0,1,1,0,0,0,0,1,0,0,0,0,1
0,0,0,0,0,0,2,0,2,0,0,0,0,0,2,1,0,0,0,0,0,0,0,0,0,0,0,0,0,0,0,0,0,1,0,1,0,0,1,0,1,1,1,0,0,0,0,1,0,0,0
0,0,2,3,0,0,8,1,0,0,0,1,2,0,1,0,0,0,3,0,3,0,0,0,1,1,0,0,3,0,0,4,5,0,2,1,1,1,0,0,1,1,0,0,2,0,0,2,1,0,1
0,0,0,0,0,0,0,0,0,0,0,0,0,0,0,0,1,0,0,0,0,0,0,0,0,0,0,0,3,0,0,0,0,0,0,1,0,0,0,0,1,0,0,0,0,1,0,0,0,0,1
2,1,0,0,1,0,0,1,0,0,0,1,1,0,2,1,0,1,0,1,1,0,0,0,0,0,0,0,0,0,0,2,0,0,1,0,0,0,0,1,0,0,0,0,0,0,0,1,0,0,1
3,0,0,2,0,2,12,0,2,0,0,0,6,0,0,0,1,0,0,0,1,0,0,0,2,1,0,0,5,0,0,2,1,0,0,0,0,0,1,0,0,0,1,0,0,2,0,0,1,0,0
0,0,0,2,0,0,6,4,0,0,0,0,1,0,1,1,1,0,1,0,1,0,0,0,0,0,0,0,3,0,1,0,0,1,1,0,0,1,0,0,0,0,3,0,0,0,0,0,1,0,0
0,0,0,0,0,0,0,0,0,0,0,0,1,0,0,0,0,0,0,0,0,0,0,0,0,0,0,0,0,0,0,0,0,0,0,0,0,0,0,0,0,0,0,0,0,0,0,1,1,1,1
0,0,0,3,0,0,0,0,1,0,0,0,0,0,0,0,1,0,1,0,1,0,0,0,0,0,0,0,4,0,1,2,0,0,0,2,2,0,0,0,0,2,1,0,0,2,0,0,0,1,0
0,2,0,0,0,0,6,2,2,0,1,2,1,1,1,1,0,1,0,0,0,0,0,0,0,0,0,0,2,2,0,1,0,0,0,2,0,1,0,0,0,0,2,0,1,1,1,0,2,0,0
0,1,0,0,0,0,0,0,1,0,1,0,1,0,0,0,0,1,0,0,0,0,0,0,0,0,0,0,2,0,0,1,0,0,0,1,0,0,0,0,0,0,0,0,0,0,0,0,0,2,0
0,0,1,0,0,0,6,3,1,0,3,0,2,0,1,2,0,0,0,2,1,0,0,0,1,1,0,0,2,4,4,5,2,0,0,0,3,1,0,5,2,0,2,2,0,0,0,0,2,1,1
0,0,0,0,0,0,0,1,0,0,0,0,0,0,0,0,0,0,0,0,1,0,0,0,0,0,0,0,5,0,0,0,0,0,0,0,0,1,0,1,0,1,0,0,0,1,2,0,0,0,0
0,0,0,0,1,1,4,0,0,0,0,0,0,0,0,0,1,0,1,1,0,0,0,0,0,0,0,0,2,1,1,1,0,0,1,0,0,0,0,0,1,0,0,0,0,0,0,0,1,1,0
0,1,0,0,0,0,10,0,2,0,0,0,1,0,0,1,0,1,0,0,0,0,0,0,0,0,0,1,1,0,0,0,0,0,0,0,0,0,0,0,0,0,0,0,0,1,0,0,0,0,0
0,0,0,1,0,0,0,0,0,1,0,0,0,1,0,0,0,1,0,1,0,0,0,0,0,2,0,0,3,1,0,0,0,1,0,0,3,0,0,0,0,0,0,0,0,2,0,0,1,1,0
0,2,0,0,0,0,6,0,0,0,1,1,2,0,0,0,0,2,0,0,2,1,3,6,0,3,0,2,4,0,0,2,1,0,0,2,7,0,1,1,1,1,1,0,0,2,0,0,1,1,1
0,0,1,0,0,0,0,1,0,0,0,0,0,1,0,0,1,0,0,0,0,2,0,0,0,0,0,0,0,0,0,1,0,1,0,0,1,3,0,1,0,0,1,0,0,0,0,1,0,0,1
0,0,2,0,1,1,6,0,3,0,1,0,12,0,1,1,1,0,4,0,1,0,2,1,0,3,0,1,2,0,0,3,2,0,0,3,3,6,1,1,0,1,1,0,0,0,2,1,0,0,1
0,0,0,0,0,0,0,0,0,0,0,0,0,1,0,0,0,0,0,0,0,0,0,1,0,0,0,0,2,0,0,0,0,0,0,0,0,0,0,0,0,0,0,0,0,0,0,0,0,0,1
0,1,0,0,0,0,20,7,0,1,2,0,13,0,1,0,0,1,1,0,5,0,3,0,0,3,1,0,1,0,0,1,0,0,0,0,1,0,0,1,0,0,2,0,0,2,1,0,0,1,0
0,0,0,1,0,0,6,0,0,0,0,0,3,0,1,2,1,0,0,1,2,0,3,1,0,1,0,0,0,1,0,1,0,0,0,0,1,0,0,2,1,0,0,0,1,0,0,0,0,1,0
0,0,0,0,0,0,2,1,1,0,1,0,6,2,1,0,1,0,0,2,1,0,1,1,0,0,0,0,1,0,0,2,0,0,0,1,0,0,0,1,1,0,1,0,1,0,1,1,1,0,0
0,0,1,0,0,0,8,0,1,1,0,0,3,0,0,0,0,0,0,0,0,0,0,0,0,0,1,1,0,1,0,0,0,0,0,0,0,0,3,4,0,0,0,0,1,0,0,0,0,0,1
0,1,0,0,0,0,0,0,0,0,0,0,4,0,0,0,0,0,0,0,0,0,1,0,0,0,2,0,0,0,0,6,0,1,0,0,0,0,0,1,0,0,2,2,0,0,0,1,1,2,1
1,0,0,2,0,0,4,1,0,0,0,0,0,0,0,0,1,1,0,0,1,0,0,0,0,0,0,0,1,0,0,0,0,0,1,0,1,0,0,1,1,0,0,0,0,0,0,0,0,0,0
0,0,0,0,1,0,6,0,0,0,0,0,0,0,0,0,0,1,0,1,0,0,0,0,0,0,0,0,1,0,0,0,0,0,0,0,0,0,0,0,0,0,1,0,0,0,0,0,0,0,1
0,0,0,0,0,0,0,1,0,0,0,0,0,0,1,2,0,0,0,0,0,0,0,0,0,0,0,0,5,1,1,0,1,1,0,1,0,0,0,0,1,1,0,0,0,2,0,0,0,0,0
2,0,0,0,0,0,16,1,1,1,0,0,6,0,0,0,0,1,0,0,0,0,0,0,0,0,0,0,5,0,0,1,0,0,0,0,3,0,0,1,0,0,1,0,0,0,1,0,1,4,0
0,0,0,0,0,1,0,1,1,0,0,0,3,0,1,0,0,0,0,0,1,0,0,0,0,0,0,0,1,0,0,0,0,0,0,0,0,0,0,0,0,0,0,2,1,0,0,2,0,0,1
2,0,0,1,0,0,0,0,0,0,0,1,2,0,0,0,0,0,0,0,0,1,0,0,1,0,0,0,3,0,0,1,0,0,1,1,1,0,0,0,1,0,0,0,0,0,0,1,1,0,0
0,0,0,0,0,0,2,0,1,0,0,0,0,0,0,0,0,0,0,0,1,0,0,0,0,0,0,1,4,0,0,3,1,0,4,0,1,0,0,0,0,0,0,0,0,0,0,0,0,0,0
0,0,1,0,0,0,6,0,0,0,0,0,3,0,0,0,0,1,0,0,0,0,0,0,0,1,0,0,1,0,0,0,0,1,0,0,0,2,0,0,0,2,1,0,0,1,1,0,0,0,1
1,0,0,0,0,0,0,0,0,0,1,0,1,0,0,0,0,0,0,0,1,0,0,0,0,0,0,0,2,0,0,2,0,0,0,0,0,0,0,1,0,0,1,0,0,0,1,0,0,0,0
1,0,0,0,0,0,6,0,0,0,0,0,0,0,1,0,0,0,0,0,3,0,0,0,1,0,0,0,7,0,0,1,1,0,0,0,0,0,6,0,0,0,1,0,0,2,0,1,0,0,1
0,0,0,1,1,0,0,1,0,1,0,1,2,1,1,1,0,0,0,0,1,1,0,1,0,0,1,1,7,0,0,1,1,1,0,0,1,2,0,0,0,0,1,0,0,0,0,0,0,1,0
0,0,2,0,0,1,18,1,0,2,1,0,0,1,0,2,3,1,2,1,0,0,1,0,1,0,0,2,1,2,0,2,0,0,2,0,0,0,5,0,1,0,0,0,0,1,1,1,0,2,1
1,0,1,1,0,0,0,2,2,0,1,0,0,0,2,1,3,0,0,4,1,0,1,1,0,0,0,0,3,2,0,2,0,0,0,0,0,0,1,0,1,0,7,0,0,0,0,0,0,1,1
0,0,0,0,0,0,0,0,1,0,1,0,2,0,0,0,0,0,0,0,1,0,0,1,0,0,0,0,0,0,0,2,0,0,1,0,0,1,0,0,0,1,0,0,0,0,0,0,1,0,0
1,0,0,0,0,0,0,0,2,0,0,0,2,0,0,0,2,0,0,0,0,3,0,0,0,2,0,1,0,1,0,0,0,0,1,0,2,0,0,0,0,1,0,0,0,0,1,0,0,1,1
0,0,0,0,0,1,0,0,0,0,0,0,1,0,1,3,1,0,0,0,0,0,1,0,1,0,0,0,0,1,0,2,2,0,2,0,0,2,0,1,0,0,0,1,0,0,0,4,0,0,1
0,0,1,0,0,0,6,0,1,1,0,0,0,0,1,0,0,0,0,0,0,1,0,0,1,1,0,1,0,1,0,3,1,0,0,0,0,1,0,2,1,0,2,0,0,1,0,0,1,1,0
0,0,0,0,0,0,6,0,0,0,0,1,1,1,1,1,0,0,0,0,2,0,1,0,0,0,0,0,3,0,0,0,0,0,1,0,1,0,0,0,0,1,0,0,0,1,2,0,2,0,1
1,0,0,0,0,0,4,0,0,0,0,0,0,0,0,0,0,0,0,0,0,0,0,0,0,0,0,0,2,0,0,0,0,1,1,0,0,0,0,0,0,0,0,0,1,0,0,0,0,0,0
0,0,0,0,0,0,0,0,0,0,1,0,0,0,0,0,0,0,0,0,0,0,0,0,0,0,1,0,1,0,0,0,0,0,0,0,0,0,0,2,0,0,0,0,0,0,0,0,0,0,1
1,1,2,0,0,4,12,1,0,1,1,0,7,2,0,1,1,1,0,1,1,0,1,1,2,1,0,0,4,1,1,3,0,1,0,0,0,1,2,1,0,0,1,0,0,0,0,2,1,0,1
0,0,0,0,0,0,2,11,0,1,0,0,5,0,1,2,1,0,1,1,2,0,0,1,0,3,0,1,3,2,0,5,2,0,1,0,3,0,1,0,0,0,1,0,0,1,1,1,1,0,0
0,1,0,0,0,0,0,0,0,0,0,0,2,0,0,0,0,1,0,0,2,1,0,0,0,0,1,0,1,0,0,0,0,0,2,0,0,0,0,0,1,1,0,1,0,0,2,1,0,0,1
0,0,0,0,0,0,4,0,2,1,1,0,0,0,2,1,0,0,1,0,1,0,0,0,1,1,0,0,6,0,0,1,1,0,0,0,2,1,0,0,0,0,2,0,1,0,1,0,0,0,0
0,0,0,0,0,0,0,0,0,0,0,0,0,0,0,0,0,0,0,0,0,2,0,0,1,0,1,0,2,0,0,0,0,1,0,1,1,0,0,0,0,0,0,1,0,0,0,0,0,0,1
0,0,0,2,0,1,4,0,0,0,0,0,0,0,1,1,1,0,1,0,1,0,0,0,0,0,0,0,2,0,0,1,0,0,2,0,1,0,0,0,0,0,0,0,0,0,0,3,1,0,0
0,1,0,0,0,0,0,0,0,1,0,1,0,2,0,0,1,0,0,1,1,0,0,1,0,0,1,0,8,0,0,1,0,0,1,0,0,2,1,0,0,0,1,0,0,0,1,1,0,0,1
0,0,0,0,0,0,0,0,0,1,0,0,1,0,0,0,0,0,0,0,0,0,0,0,0,0,0,0,1,0,1,0,0,0,1,0,0,0,1,0,0,0,0,1,0,0,1,0,0,1,1
0,0,0,0,0,0,6,0,0,0,1,0,1,0,0,0,0,0,0,0,0,0,0,0,1,0,0,0,1,0,0,1,0,0,1,0,0,0,0,1,0,0,0,0,1,0,0,0,0,0,0
0,0,1,0,2,0,8,0,0,0,1,0,3,1,0,0,0,1,0,0,2,0,0,0,1,0,1,0,0,0,0,1,1,0,0,0,0,0,0,3,1,0,1,0,0,0,0,0,1,1,1
0,0,0,0,0,0,10,3,0,0,0,0,5,2,0,0,1,0,0,3,1,0,0,0,0,0,0,0,1,1,0,2,0,1,0,0,4,0,0,0,0,0,1,1,0,0,1,1,0,0,1
0,0,0,0,0,0,0,0,0,0,0,0,0,0,0,0,0,0,0,0,0,0,0,0,0,0,0,0,0,0,0,0,0,0,1,0,0,0,1,0,0,0,0,0,0,0,0,0,0,0,1
0,1,0,2,0,0,0,0,0,1,0,0,3,2,0,0,0,0,0,0,2,0,0,0,2,0,0,0,3,0,0,1,0,0,0,0,1,0,0,0,0,1,2,0,0,0,0,0,1,0,1
0,0,0,0,0,0,0,3,0,0,1,0,3,0,0,0,0,0,1,0,0,4,0,0,0,2,1,3,1,0,0,0,2,0,0,0,0,0,0,0,0,0,0,0,1,0,0,1,0,0,0
0,4,1,1,0,2,16,1,0,0,3,0,4,3,7,2,1,1,1,0,6,3,2,0,1,2,1,0,23,4,1,10,6,0,3,2,4,1,2,0,7,3,3,2,1,0,5,4,3,3,0
0,0,0,0,0,0,0,0,0,0,0,0,0,0,0,1,1,0,0,1,0,0,0,0,0,1,0,0,1,0,0,0,0,0,0,0,0,0,0,0,0,0,0,0,1,0,0,0,0,0,1
0,1,1,0,1,0,6,0,1,0,0,0,0,0,0,0,0,0,0,0,0,0,0,0,0,0,0,0,0,0,0,0,0,1,0,0,0,0,0,0,2,0,0,0,0,0,1,2,0,0,0
0,0,0,0,0,0,0,0,0,0,0,0,0,0,0,0,0,0,0,0,2,0,0,0,0,0,0,0,3,1,0,0,0,0,0,1,0,0,0,0,0,1,0,2,0,0,0,0,0,0,0
0,0,0,0,0,0,0,1,1,0,0,0,0,1,0,0,0,0,0,0,0,1,0,0,0,0,0,1,0,1,0,1,0,0,0,0,0,0,0,0,0,0,1,1,0,0,0,0,0,0,0
0,0,0,0,1,1,0,1,0,0,0,0,1,1,0,1,1,0,0,0,0,0,0,0,0,0,0,0,4,1,0,1,0,0,0,0,1,0,1,0,0,0,0,0,0,0,0,1,0,1,1
1,0,0,0,1,0,10,1,0,0,0,0,3,1,0,0,0,2,0,1,1,0,1,0,1,2,0,3,2,1,2,2,1,0,1,0,3,1,1,3,1,2,0,0,0,1,0,0,0,0,1
0,0,0,0,1,0,2,1,0,0,0,0,0,0,1,0,0,1,0,0,0,0,0,0,1,0,0,0,1,0,0,1,1,0,0,0,0,1,0,1,0,0,0,0,0,0,0,0,0,0,1
0,1,2,0,1,0,14,4,0,0,1,0,8,2,0,0,0,0,1,1,6,0,0,0,0,1,1,2,0,2,0,6,0,0,0,0,9,3,0,1,0,0,0,3,0,0,1,1,4,1,0
0,0,0,0,0,0,0,0,0,0,0,0,0,0,0,0,0,0,0,0,0,0,0,0,0,0,0,1,0,1,0,0,0,0,0,0,0,0,0,0,0,0,1,0,0,0,1,0,0,0,0
0,0,1,1,1,1,6,0,0,1,3,0,11,0,0,0,0,0,1,0,3,3,4,0,1,1,2,1,1,2,2,3,2,7,1,0,3,1,0,0,0,0,0,1,1,1,1,2,0,1,0
1,0,1,0,0,0,2,0,1,0,2,0,12,2,1,0,1,3,0,0,1,2,1,0,1,1,0,1,0,3,1,3,0,4,1,0,0,2,0,1,2,0,2,0,1,0,1,1,0,0,1
1,1,0,2,0,0,12,0,0,0,0,1,0,0,0,1,1,0,2,0,4,1,1,0,0,1,1,1,2,0,1,2,2,0,3,2,1,0,1,1,3,0,0,0,0,0,1,1,3,2,0
0,0,0,0,0,0,0,1,0,1,0,0,2,1,1,0,1,0,0,0,1,0,2,0,0,0,1,0,1,1,2,0,0,0,1,0,0,0,0,0,0,0,0,0,0,0,0,1,0,0,1
0,0,0,0,0,0,0,0,0,0,0,0,0,0,0,0,2,2,0,0,7,0,0,0,0,0,1,0,0,0,0,0,1,0,1,0,0,0,0,0,1,1,0,0,0,0,1,0,0,0,1
0,0,0,1,0,0,8,0,0,0,0,0,0,0,2,0,1,0,0,0,2,0,2,1,2,3,0,1,3,1,0,0,0,0,1,0,0,0,1,0,0,1,1,0,0,0,1,0,0,0,0
0,0,0,0,0,0,6,1,0,0,1,0,6,0,0,0,0,1,0,0,1,0,0,0,0,1,2,0,1,1,0,2,2,0,0,1,0,2,0,1,0,0,1,0,0,0,3,1,2,0,0
0,1,0,0,0,2,2,1,0,0,0,0,0,1,0,0,1,1,0,0,2,1,0,0,1,0,0,1,3,0,0,0,0,0,0,0,0,0,0,0,0,0,1,0,0,0,0,1,0,0,0
0,0,0,0,0,0,2,1,0,0,0,0,0,0,0,1,0,1,1,1,1,0,1,0,2,0,0,1,6,0,0,0,0,0,0,0,0,0,1,2,0,0,2,0,0,2,1,1,0,0,0
0,0,0,0,0,0,2,2,0,0,0,1,1,1,0,0,1,1,0,0,0,1,0,0,1,0,0,0,1,2,0,0,0,1,0,1,0,0,0,1,1,0,0,1,1,0,0,0,0,0,0
1,0,1,0,0,0,4,3,1,0,1,0,2,2,4,0,5,2,2,0,6,0,2,0,0,4,2,1,2,3,1,2,1,1,1,1,0,0,0,1,1,0,1,1,0,0,3,2,2,0,1
0,0,1,0,0,0,4,1,0,1,2,0,1,1,0,1,0,0,1,0,4,0,2,0,0,1,0,0,2,0,0,0,2,1,1,0,0,0,0,0,0,1,3,0,0,0,0,1,0,2,0
0,0,1,0,0,0,4,0,1,1,0,0,0,0,0,0,0,0,0,0,0,0,0,0,0,0,0,0,0,0,0,0,0,0,0,0,0,0,0,1,1,0,0,0,0,0,1,0,0,0,0
0,0,0,0,1,0,14,0,0,0,0,0,1,0,0,0,0,0,0,0,0,1,1,0,0,1,0,0,3,0,0,2,2,0,0,1,0,0,0,0,0,0,0,0,0,0,0,0,0,0,1
0,0,0,0,0,0,2,0,0,0,1,1,0,0,0,0,0,0,0,0,1,0,0,0,0,0,0,2,0,0,1,0,0,0,1,0,0,0,0,0,0,1,0,0,0,0,0,0,4,1,0
0,0,0,0,5,1,4,3,0,2,0,2,0,1,0,0,1,1,0,0,3,0,0,0,1,0,1,0,0,2,0,0,0,0,0,0,0,1,3,1,1,1,2,0,0,0,0,0,0,1,1
0,0,1,0,0,1,2,0,0,0,0,0,0,0,0,0,2,1,0,1,1,0,1,0,1,0,0,0,1,1,0,1,0,0,0,1,0,0,0,0,1,0,0,0,0,1,0,0,0,0,1
0,0,0,0,0,0,0,0,0,0,0,0,4,0,0,0,0,0,0,2,0,0,0,2,0,0,0,0,0,0,0,1,0,0,0,0,1,2,0,0,0,1,0,0,0,0,0,0,0,0,1
0,0,0,0,0,2,10,3,0,0,0,0,0,0,0,0,0,0,0,0,4,0,1,0,0,1,0,0,2,0,0,0,0,0,0,1,0,0,0,0,0,1,0,0,0,0,0,0,0,0,0
1,1,3,0,1,0,14,1,0,0,1,0,14,2,1,1,0,2,1,2,0,0,0,1,0,2,1,0,0,0,0,1,1,0,0,0,2,2,0,0,0,1,2,1,0,0,0,0,0,1,1
1,0,0,0,0,0,0,0,0,0,0,0,0,0,0,1,0,0,0,0,0,0,0,0,0,0,0,0,0,0,0,0,0,0,0,0,0,0,0,0,0,0,0,0,0,0,0,1,0,0,0
0,0,0,0,0,0,0,0,0,0,0,0,2,0,0,0,0,0,0,0,1,0,0,1,0,1,0,0,0,0,0,0,1,0,0,0,0,0,1,2,0,1,0,0,1,0,0,0,0,0,0
0,0,0,1,1,0,10,0,0,0,0,1,0,0,0,1,0,0,1,1,1,1,1,1,1,1,1,0,4,0,0,0,1,2,3,0,0,0,0,0,0,0,0,0,1,1,1,0,0,0,0
1,0,1,1,0,1,12,0,0,0,0,0,0,0,0,0,2,0,0,1,0,0,1,1,0,0,1,0,0,1,0,1,1,0,2,0,0,0,3,3,1,1,2,0,0,3,0,1,0,0,1
1,0,0,0,0,1,4,0,0,2,1,1,1,0,0,1,0,0,0,0,3,0,1,0,0,0,1,0,8,1,0,2,0,0,1,3,1,0,1,0,0,0,0,0,0,0,0,0,0,0,1
0,1,0,0,0,0,2,2,0,0,0,0,1,0,0,1,0,0,0,0,1,1,0,0,0,0,0,0,1,0,0,2,0,1,0,0,0,0,0,1,0,0,1,1,0,0,0,1,0,0,0
0,0,0,0,1,0,14,0,0,1,0,0,0,0,1,0,0,1,0,1,0,0,0,0,0,0,0,0,3,1,0,0,0,1,0,0,1,2,0,0,0,0,0,0,0,0,0,1,0,0,0
0,0,0,0,0,0,2,1,0,0,0,0,3,2,1,1,0,0,0,1,0,1,0,0,0,0,0,0,0,0,0,0,0,0,0,0,0,1,0,0,0,0,0,0,2,0,0,0,1,0,1
0,0,0,0,0,0,12,0,0,2,0,2,0,0,3,0,0,0,0,0,3,0,0,0,0,0,0,1,0,0,1,3,0,1,2,0,0,0,2,0,1,0,0,0,0,1,0,0,2,0,0
0,0,0,1,0,1,4,0,0,0,2,0,1,0,0,0,2,0,0,2,1,1,1,0,0,0,0,0,0,0,0,4,0,0,0,0,0,0,0,0,0,0,2,0,0,0,0,1,0,0,0
0,0,0,0,0,0,0,0,0,0,0,0,0,0,0,0,3,1,0,0,0,0,0,0,0,0,0,0,0,0,0,2,0,0,0,0,0,0,0,0,0,0,2,0,0,1,0,0,0,0,1
0,0,0,0,0,0,0,0,0,0,0,0,1,0,0,0,0,0,0,0,0,0,0,0,0,0,0,0,1,0,1,0,0,0,0,0,0,0,0,0,0,0,0,0,0,0,0,1,0,0,1
0,2,0,1,0,0,6,0,1,0,0,0,0,0,0,0,0,0,0,0,0,0,0,1,2,0,0,0,2,0,0,0,0,1,1,0,0,0,0,1,0,1,0,0,0,0,0,0,0,0,0
0,0,0,0,0,0,0,2,0,0,3,0,0,0,1,0,0,0,0,1,2,0,0,0,0,1,1,0,0,0,0,0,0,0,1,1,0,0,0,0,1,0,0,0,0,0,0,0,0,0,0
1,0,0,1,1,2,20,0,3,2,2,2,1,1,4,0,1,0,1,0,4,3,0,0,2,3,2,0,9,1,0,7,2,0,2,0,2,0,2,0,0,0,1,0,1,0,1,1,2,0,0
0,0,0,0,0,0,0,0,0,0,0,0,0,0,0,3,0,1,0,0,0,0,0,1,0,0,0,0,0,0,0,0,0,0,0,0,2,0,1,0,0,0,0,0,0,0,0,2,0,0,1
1,0,0,1,0,0,2,0,0,0,0,2,2,0,0,0,0,0,0,0,0,0,1,0,0,2,0,0,4,0,0,0,0,0,1,0,1,2,0,0,1,1,0,0,0,2,0,0,1,0,0
0,0,0,0,0,0,10,1,0,0,0,1,0,0,0,0,0,0,0,0,1,0,0,0,0,0,0,1,0,0,0,2,0,0,0,0,0,0,0,0,0,0,0,2,0,0,0,0,0,0,0
0,0,0,0,1,0,12,1,0,0,0,0,1,0,4,0,2,0,2,4,0,0,0,0,2,1,1,0,0,0,0,2,2,0,0,0,0,1,0,2,1,0,0,0,1,0,0,0,1,0,1
0,0,0,0,0,0,8,0,0,0,0,0,4,0,1,0,1,0,0,0,0,0,0,0,0,1,0,1,0,2,1,2,2,0,2,0,0,0,0,0,2,1,0,1,1,0,1,0,1,1,1
0,0,1,0,0,0,4,3,0,1,0,0,0,1,0,0,0,0,0,0,2,0,0,0,0,0,0,0,5,0,2,3,0,0,1,0,6,0,0,2,1,1,0,0,0,1,3,0,1,0,0
0,1,0,0,0,0,10,0,0,0,0,0,0,0,1,0,0,0,0,0,0,0,2,0,1,0,2,1,1,0,0,0,0,0,0,0,0,0,0,0,0,1,0,0,0,1,0,0,0,2,0
0,0,1,0,1,0,6,1,1,0,2,2,0,0,0,0,0,0,0,0,1,1,0,0,0,0,0,0,3,0,0,1,0,0,0,0,0,0,0,0,1,0,1,0,0,0,0,1,0,0,0
0,0,0,1,0,1,10,0,0,0,3,0,0,1,0,0,0,0,0,0,0,0,0,0,0,1,0,0,2,0,1,1,0,0,1,0,0,2,0,1,0,0,0,0,0,1,1,0,0,0,0
0,1,0,0,0,1,0,0,0,0,0,0,0,0,0,0,0,1,0,0,0,0,0,0,0,0,0,0,3,1,0,0,0,0,0,0,0,0,0,1,0,0,0,0,0,0,0,1,1,0,1
0,0,0,0,0,0,0,2,1,0,0,0,0,0,0,0,0,0,0,1,0,0,0,0,0,1,0,0,0,0,0,1,0,0,0,0,1,0,0,0,0,0,0,0,0,2,0,0,0,0,1
0,0,0,0,0,0,6,0,0,0,1,0,0,3,2,0,0,0,0,3,4,0,1,0,0,0,0,0,0,0,1,2,3,0,1,0,0,1,2,0,0,3,0,0,1,0,0,0,0,0,0
1,0,0,0,0,1,10,1,1,1,0,0,7,0,1,0,1,0,0,0,1,1,0,0,0,0,0,1,0,1,0,6,1,0,0,0,1,1,0,2,0,0,0,1,0,0,0,0,0,0,1
0,0,0,0,0,0,2,1,0,0,3,0,1,0,0,0,0,0,1,0,1,0,0,0,0,0,0,0,4,0,0,1,0,0,1,0,0,0,1,0,1,0,0,0,0,0,0,0,0,2,0
1,0,0,2,0,0,4,0,1,0,1,0,0,0,0,0,0,0,0,1,2,0,1,0,0,0,0,0,3,0,0,0,0,3,0,0,0,0,0,0,0,0,0,0,0,1,0,0,0,0,0
0,0,1,0,0,0,4,1,0,0,0,1,0,0,0,0,1,1,0,0,0,0,0,0,0,0,0,0,0,0,0,0,0,0,0,0,0,1,0,0,0,0,0,0,0,0,0,0,0,0,1
0,0,0,0,1,1,0,2,1,0,0,1,2,0,0,0,0,0,0,0,1,1,0,0,0,1,0,0,3,0,0,0,0,0,2,1,0,2,0,0,0,0,0,2,1,1,0,0,1,0,0
0,0,0,0,0,0,0,0,0,0,0,0,0,0,0,0,0,0,0,0,0,0,0,0,0,0,0,0,2,0,0,0,1,0,0,0,0,0,0,0,0,0,0,0,0,0,0,0,0,0,1
0,0,1,0,0,0,12,0,0,3,1,1,1,0,2,0,1,0,1,4,0,2,0,0,0,2,1,0,1,2,0,4,1,2,0,1,1,1,1,1,1,0,0,1,1,0,0,1,0,1,1
0,1,1,0,0,1,16,5,1,0,3,1,0,1,1,0,2,0,1,0,6,2,0,0,0,0,2,0,0,0,0,3,0,1,1,3,2,1,1,1,1,3,1,0,1,1,3,1,1,0,1
2,0,6,1,0,0,14,7,1,4,0,0,1,1,3,1,2,1,1,0,4,1,1,2,2,2,0,0,2,2,0,2,1,0,5,2,1,0,1,7,0,1,1,1,1,1,1,2,1,0,0
0,0,0,0,0,0,16,6,1,0,1,0,4,3,0,2,0,0,0,0,1,0,0,2,0,1,4,0,0,0,0,2,1,0,0,0,2,3,0,4,0,2,2,3,0,0,2,0,1,1,1
0,0,0,0,0,0,4,0,0,1,0,0,5,1,0,0,0,0,0,3,2,1,0,1,0,0,1,1,0,0,1,0,2,0,0,0,2,0,0,3,0,0,0,1,1,1,0,0,0,0,1
0,0,0,0,0,0,0,0,0,0,0,0,0,0,0,0,0,0,0,0,0,0,1,0,0,0,0,0,2,0,0,1,0,0,0,0,0,0,0,0,0,0,0,0,0,0,0,0,0,0,1
0,0,0,0,0,0,0,1,0,0,2,1,0,0,0,0,0,0,0,0,1,0,0,0,1,0,0,0,0,0,0,1,0,0,0,0,0,0,0,0,0,0,0,0,0,0,0,0,0,0,1
0,0,1,0,0,0,0,1,0,1,0,0,1,0,0,0,1,0,0,0,0,2,0,0,0,1,0,1,3,0,0,1,0,0,0,0,0,0,0,0,0,1,1,0,0,0,0,1,0,1,1
0,0,1,0,0,0,0,0,0,0,2,0,9,0,0,0,0,0,0,1,1,0,1,1,0,1,0,2,3,1,0,0,1,0,0,0,0,2,1,0,1,0,0,0,0,0,0,1,0,3,0
0,0,0,1,0,0,20,1,1,0,2,0,6,0,1,1,0,1,0,0,0,1,0,0,1,2,0,1,1,1,1,3,0,1,1,0,1,0,0,1,0,1,0,1,0,0,0,1,0,0,1
0,0,0,0,0,0,8,0,0,1,1,0,2,0,1,1,1,0,0,1,0,0,0,0,2,0,0,0,0,0,0,0,0,0,0,0,0,0,0,1,0,0,0,0,0,0,0,0,0,0,0
0,1,1,0,0,0,0,0,1,0,0,0,1,0,0,0,0,2,0,0,1,0,1,0,0,0,1,1,1,0,0,0,1,0,1,0,0,0,0,0,0,1,0,0,0,0,0,0,0,0,1
0,0,0,0,0,0,0,0,0,1,0,0,2,0,0,0,1,0,0,0,0,0,0,0,0,1,0,0,0,0,0,1,0,0,0,0,0,1,0,0,0,1,2,0,0,0,0,0,0,0,1
0,0,0,0,0,0,6,0,0,0,1,0,2,2,0,1,0,1,0,0,2,0,0,0,0,1,0,0,2,1,0,0,0,0,1,0,0,0,0,0,0,0,0,0,0,0,0,0,0,0,1
0,0,0,0,0,0,0,0,0,0,0,0,0,0,0,0,0,0,1,0,0,0,0,0,0,1,0,0,1,0,0,0,0,0,0,0,0,0,0,0,0,0,1,0,0,0,0,0,0,0,0
0,0,1,0,0,0,2,0,2,2,2,1,2,0,0,0,0,0,0,1,0,0,0,0,1,2,0,1,2,0,1,1,0,0,0,0,3,1,0,2,1,0,1,0,0,1,1,0,0,0,0
1,1,3,3,1,0,26,0,1,1,1,1,3,1,1,4,0,0,0,0,6,0,2,1,2,1,11,1,4,3,0,8,2,2,0,2,2,4,1,1,2,2,2,3,0,0,3,3,2,0,0
2,0,0,0,0,0,4,0,0,0,0,0,0,0,0,0,0,0,0,0,0,0,0,0,0,0,0,0,4,1,0,1,0,1,0,0,0,0,0,0,0,0,0,0,0,0,0,0,1,0,0
0,0,0,3,0,0,6,0,0,0,0,0,1,0,1,0,1,0,0,0,0,0,0,1,0,0,0,1,2,0,0,0,1,0,0,0,0,0,0,0,0,1,0,0,0,0,0,0,0,0,0
0,0,1,0,0,0,0,0,0,0,0,0,1,0,0,0,0,1,0,0,0,0,0,0,0,0,0,0,2,1,0,0,0,0,0,0,0,0,0,1,2,0,2,0,0,0,0,0,1,0,0
0,1,0,2,0,0,0,0,0,1,0,0,3,2,0,0,0,0,0,0,0,0,0,0,0,0,0,1,3,0,1,1,0,0,0,0,0,0,0,0,0,1,1,0,0,0,0,0,0,2,1
0,1,1,0,0,0,16,0,0,0,0,0,0,1,0,0,0,0,1,0,1,1,1,0,1,2,1,0,6,0,0,0,0,0,1,1,1,0,0,2,0,0,1,2,0,2,0,0,1,0,1
0,0,0,0,1,0,6,0,0,0,0,2,0,1,0,0,0,0,1,0,1,0,0,0,0,0,0,2,6,0,0,1,0,0,0,0,0,1,1,1,1,0,0,1,0,0,0,1,0,0,1
0,0,0,0,0,0,0,0,0,0,1,0,3,1,0,0,0,1,0,0,0,0,0,0,0,1,0,1,0,0,0,3,0,1,0,0,1,0,0,0,0,0,0,0,0,0,1,2,0,0,0
0,0,0,0,0,0,6,1,0,0,0,1,0,0,0,0,0,0,0,0,0,0,0,0,0,0,0,0,0,0,0,0,0,0,0,0,0,0,3,0,1,0,0,0,0,1,0,0,0,0,0
0,0,0,0,0,0,2,1,0,0,0,0,1,0,0,1,1,0,0,0,0,0,0,0,0,1,0,0,0,2,0,0,0,0,0,0,2,1,0,0,0,0,1,1,0,0,0,1,0,1,0
1,0,0,0,0,1,0,1,0,0,2,0,0,0,1,0,0,0,0,0,1,0,0,0,0,0,0,1,2,0,0,3,0,2,0,0,0,0,0,0,0,0,0,0,0,0,0,0,1,1,0
0,0,0,0,0,0,0,1,1,0,0,0,1,0,0,0,0,0,0,0,1,0,0,0,0,0,2,0,1,0,0,2,0,0,0,0,0,1,0,3,0,0,1,0,0,0,0,1,1,0,1
0,3,2,1,0,1,8,1,4,1,1,0,24,0,4,1,1,1,2,2,0,0,0,1,3,2,2,0,3,1,4,4,0,0,4,0,6,4,0,4,2,1,1,3,1,1,2,1,3,0,0
0,0,0,0,0,0,6,1,0,1,0,0,0,0,0,0,0,0,0,0,1,1,0,0,0,0,0,0,4,1,0,0,0,1,0,1,0,0,0,0,2,0,3,0,0,1,1,0,1,0,0
1,1,1,0,1,0,12,0,0,1,0,0,0,0,0,0,0,2,0,0,0,0,0,0,0,0,1,0,4,1,0,2,0,0,0,0,0,1,0,1,0,0,0,0,0,0,0,0,0,1,1
0,0,0,0,0,0,0,0,0,0,0,0,1,0,0,0,1,0,0,0,0,0,0,1,0,0,0,0,2,0,0,1,1,0,1,0,0,1,1,0,1,0,2,0,0,0,0,0,0,0,1
0,0,0,0,1,2,10,2,2,0,2,1,11,1,4,0,1,0,0,2,3,1,5,4,1,4,1,0,0,4,0,1,0,0,0,1,2,3,0,0,0,1,2,0,1,0,1,0,1,5,1
0,0,0,0,0,0,0,0,0,0,0,0,1,0,0,0,0,0,0,0,0,0,0,0,0,0,0,0,1,0,1,0,0,0,0,0,0,0,0,0,0,0,0,0,0,0,0,0,1,0,0
1,0,0,0,0,1,4,0,0,0,0,0,0,0,0,0,0,2,0,0,0,0,0,0,0,0,0,0,6,0,0,1,0,0,0,0,1,0,0,0,0,0,1,0,0,0,0,2,0,0,0
0,2,4,0,0,1,14,1,0,0,4,0,21,2,0,1,2,0,0,0,3,0,1,0,0,3,0,3,0,2,0,2,0,2,1,0,1,2,0,2,0,0,0,1,0,0,0,8,2,0,1
0,1,1,0,0,0,0,0,0,0,0,0,0,0,0,0,1,1,0,0,1,0,1,1,0,1,0,0,0,0,0,1,0,0,0,0,0,0,0,0,0,0,1,0,0,0,0,0,0,0,1
1,1,3,0,0,0,6,0,0,0,0,2,4,1,0,0,0,1,0,0,0,1,0,0,0,1,0,0,1,0,0,4,2,1,0,1,1,0,0,1,0,1,0,0,0,0,1,0,3,1,0
0,0,0,0,0,0,0,0,0,0,0,0,1,0,1,0,0,0,0,0,0,0,0,0,0,0,0,0,0,0,1,0,0,0,0,0,0,0,0,0,0,0,0,0,0,0,1,0,0,0,1
0,0,0,0,0,0,2,0,0,0,1,0,0,3,0,0,1,0,0,0,1,0,0,0,0,0,0,0,0,1,0,3,0,0,2,1,0,2,0,0,0,0,0,0,0,0,1,1,4,0,0
0,0,0,0,0,0,0,1,0,0,0,0,0,1,0,1,1,0,0,0,0,1,0,0,0,1,0,0,0,0,0,1,0,0,2,0,0,0,0,1,0,0,0,2,0,0,0,0,1,0,1
1,0,0,3,0,1,44,2,0,1,2,1,0,0,0,0,1,0,0,2,10,2,2,2,0,6,0,0,14,1,0,5,2,0,0,1,1,0,1,0,3,0,3,0,2,0,0,0,1,4,0
1,0,0,0,0,0,0,0,0,0,0,0,0,0,0,0,2,0,1,0,2,0,0,0,0,0,0,0,2,0,0,0,0,0,0,0,0,0,0,0,0,1,0,0,0,1,1,1,0,0,0
0,1,0,1,0,0,6,2,0,0,1,0,1,0,0,0,1,0,0,0,0,0,0,0,0,0,0,0,1,0,0,0,1,0,0,0,0,0,0,1,1,0,2,0,0,0,0,1,0,0,0
0,2,1,1,0,0,0,0,0,0,0,0,0,0,0,0,1,0,0,0,1,0,1,0,0,0,0,0,3,0,0,2,0,0,2,0,1,0,0,1,1,0,0,0,0,0,1,0,0,1,0
2,0,0,2,1,0,4,0,0,1,1,0,0,1,2,0,0,1,1,0,2,0,0,0,0,0,1,0,3,0,0,0,0,0,2,0,0,0,0,0,2,0,1,0,0,0,0,0,0,1,0
0,1,0,0,0,0,6,0,0,0,0,0,0,0,0,0,0,0,0,0,1,0,0,0,1,0,0,0,9,0,1,0,2,0,0,1,0,0,0,0,0,1,0,0,0,2,1,0,1,0,1
0,0,0,0,0,0,4,1,0,0,0,0,2,0,0,0,1,1,1,0,0,0,0,0,0,0,1,0,0,0,0,2,0,1,0,1,1,0,0,2,1,0,0,0,1,0,1,0,1,0,1
0,0,1,0,0,0,0,1,0,0,0,0,0,2,0,0,1,0,0,0,1,0,0,0,0,1,0,0,5,0,0,2,0,0,1,0,1,1,0,2,0,0,1,0,0,1,0,0,1,0,1
0,0,2,0,2,1,2,0,0,0,0,1,0,0,1,0,0,0,0,0,1,0,0,0,0,0,0,0,3,0,0,3,0,0,0,0,2,1,0,0,0,0,2,0,0,1,0,1,0,0,1
1,0,0,1,0,0,0,0,0,0,0,0,4,0,1,0,0,0,0,0,2,0,0,0,0,0,0,0,0,0,0,3,1,0,0,0,1,0,0,0,0,0,0,0,0,1,0,0,0,0,0
0,0,0,0,2,0,2,0,0,0,0,0,0,1,0,0,0,1,0,0,0,0,0,0,1,0,0,0,2,0,0,2,0,0,0,0,0,0,0,0,0,0,1,0,0,0,0,0,0,0,1
0,0,0,0,0,0,4,0,0,0,0,0,0,0,0,1,0,0,1,0,2,0,0,0,0,0,0,0,3,1,0,0,0,0,0,0,0,0,0,0,0,1,0,0,0,0,0,0,0,0,1
0,0,0,0,0,0,8,0,0,0,1,0,2,1,0,1,1,1,0,0,1,1,0,1,1,0,0,0,4,0,0,0,0,0,0,0,1,0,0,0,1,0,1,0,0,1,0,2,0,0,1
0,1,1,1,0,0,0,0,0,0,0,0,2,0,0,0,0,0,0,0,1,0,0,0,0,1,0,0,0,0,0,0,0,0,0,0,0,0,0,1,0,0,1,0,0,0,0,0,0,0,0
2,0,0,0,0,2,0,0,1,0,1,0,0,0,0,0,1,0,0,0,0,0,0,0,0,0,0,0,5,2,0,0,0,0,0,0,1,1,0,0,1,0,0,0,1,0,1,0,1,0,0
1,0,0,0,0,0,0,0,1,0,0,0,3,0,2,1,0,0,1,1,4,0,3,0,0,1,0,0,1,0,0,1,0,0,1,1,1,1,3,0,0,0,0,0,2,0,0,0,1,0,0
0,0,0,0,0,0,0,0,0,0,1,0,0,1,0,0,0,1,0,0,0,0,0,0,0,0,0,0,1,1,0,0,0,0,0,0,2,0,0,0,0,0,0,0,0,0,0,0,0,0,1
0,1,0,0,0,2,0,0,1,0,0,3,0,0,1,1,0,1,0,0,0,0,0,0,2,1,0,0,4,0,0,0,1,0,0,1,0,0,0,1,1,0,2,0,1,0,0,0,2,0,0
0,0,1,0,1,2,2,0,4,0,0,0,4,0,0,0,0,0,0,0,1,1,1,1,0,0,0,1,0,0,0,2,0,0,0,0,0,0,0,1,0,0,1,0,0,0,0,0,0,1,1
1,0,0,0,1,0,0,0,0,0,0,0,4,2,0,0,2,0,0,1,0,0,0,0,1,0,3,1,1,0,0,1,0,0,0,0,0,0,0,1,0,0,2,1,0,0,1,0,0,0,1
0,0,0,0,0,0,2,2,0,0,0,1,2,0,0,1,0,0,0,0,0,0,0,0,0,1,0,0,0,0,0,2,0,0,1,0,0,0,0,0,0,0,0,0,1,0,0,0,0,0,1
0,0,1,0,0,0,0,0,0,0,0,0,0,0,0,0,0,1,0,0,0,0,0,0,1,1,0,0,3,0,0,0,0,0,0,0,2,1,0,0,0,0,0,0,0,1,0,0,0,0,1
0,1,0,0,1,0,0,1,0,0,1,0,0,0,0,0,0,0,0,0,0,0,0,0,0,1,0,0,0,0,0,1,0,1,0,0,0,0,0,0,0,0,1,2,0,0,0,0,1,0,0
0,0,1,0,0,0,6,4,0,0,1,0,0,0,0,0,0,0,0,0,0,0,0,0,0,1,0,1,0,0,0,0,0,0,0,0,0,0,0,4,0,0,0,0,0,0,1,0,0,0,1
1,1,0,1,0,0,8,0,0,1,1,0,4,2,2,2,4,1,0,0,2,1,0,0,0,0,0,2,0,0,0,0,1,1,0,0,0,0,0,0,1,2,1,0,0,0,2,1,0,0,1
1,0,0,1,0,0,10,0,0,1,3,0,7,0,0,2,0,0,0,0,3,0,1,0,2,1,0,0,2,2,0,5,1,0,0,0,0,1,0,0,2,0,2,0,1,1,2,2,0,1,0
0,0,0,0,0,0,0,0,0,3,0,0,0,0,0,2,0,1,0,0,0,0,0,2,0,1,0,1,0,0,0,2,0,0,0,0,1,0,10,0,0,0,0,1,0,1,0,0,0,0,1
0,0,0,0,0,0,8,0,1,1,3,0,1,0,0,2,0,1,1,1,1,0,0,3,2,0,2,0,5,0,0,0,0,0,0,0,1,1,0,0,0,0,1,1,0,0,0,0,2,1,0
0,0,0,0,0,0,0,0,0,0,0,0,1,1,0,0,2,1,0,0,0,0,0,0,0,0,0,0,3,0,0,0,0,0,0,0,0,0,1,1,0,0,0,0,0,0,1,1,0,0,1
0,0,3,0,0,1,6,1,0,0,0,0,14,1,0,0,1,3,0,0,2,1,1,0,0,0,2,2,4,0,0,2,2,0,0,0,0,0,1,0,0,4,0,0,0,0,1,0,1,0,1
0,0,0,0,1,0,10,0,0,0,1,1,3,1,0,0,0,1,1,0,0,0,0,0,0,1,0,0,2,0,0,2,0,0,0,0,0,0,0,0,0,0,0,0,0,0,1,0,0,2,1
2,0,0,0,0,0,8,0,0,0,0,0,0,1,0,0,3,1,1,0,1,0,0,1,0,0,0,0,0,0,0,2,0,0,0,0,0,0,0,0,0,0,1,1,1,1,0,0,1,0,1
0,1,0,0,0,0,0,0,0,0,0,0,0,0,0,0,0,0,0,0,0,0,0,0,0,0,0,0,2,0,0,0,0,0,0,0,1,0,0,0,0,0,0,0,0,1,0,0,0,0,1
0,0,0,0,0,0,0,0,0,0,0,1,3,0,0,0,0,0,0,1,0,0,0,0,0,0,0,0,0,0,1,1,1,0,0,0,0,0,0,0,0,0,0,0,0,0,0,0,0,0,1
0,0,1,0,0,0,4,1,0,0,0,0,2,0,0,0,1,0,0,0,0,0,0,1,0,0,0,0,2,0,0,0,0,0,2,0,2,0,0,1,0,0,0,0,0,0,0,0,0,0,1
0,0,0,0,0,0,0,0,0,0,0,1,0,0,0,0,0,0,1,0,0,0,0,0,0,0,0,0,0,0,0,1,2,0,0,0,0,0,1,0,0,0,0,0,0,0,0,0,0,0,0
0,0,0,2,0,0,0,0,0,0,0,0,0,0,0,0,0,0,0,0,1,0,2,0,0,0,0,0,1,0,0,0,0,0,0,0,1,0,0,0,0,0,1,0,0,0,0,0,1,0,0
0,0,0,0,0,0,10,0,0,0,0,0,0,0,2,0,0,3,1,1,1,0,0,0,0,0,0,1,11,0,1,0,0,0,0,0,0,0,0,1,0,0,0,0,0,1,1,0,0,1,1
0,0,0,0,0,0,0,0,0,0,0,0,0,0,1,0,0,0,0,1,0,0,1,0,0,0,1,0,3,0,0,0,0,0,0,1,0,1,1,2,0,0,0,0,0,0,0,0,0,0,1
0,0,1,0,1,1,6,0,0,0,1,0,0,0,0,0,0,0,2,0,0,0,0,0,1,0,0,0,0,3,0,0,0,0,2,1,0,0,3,0,0,3,4,1,0,0,0,2,0,0,1
0,0,2,0,0,0,4,0,0,1,2,0,0,0,0,0,0,0,0,0,0,2,0,0,1,0,0,0,0,0,0,0,0,0,0,0,0,0,1,0,0,0,0,0,0,0,0,0,1,0,1
0,0,0,0,0,0,2,1,1,0,1,0,1,1,2,0,0,0,0,0,0,0,0,0,0,0,0,0,0,0,0,1,0,0,1,0,0,0,0,0,0,0,2,0,0,1,0,0,0,0,1
0,0,0,0,0,0,0,1,0,0,0,0,3,0,0,0,0,0,1,0,2,0,0,0,0,3,0,0,0,0,0,3,0,0,1,0,0,0,1,1,0,1,0,1,0,0,0,0,0,0,0
0,0,0,0,0,0,6,0,0,0,0,1,0,0,0,0,0,0,0,0,0,0,0,0,1,0,0,0,7,0,0,1,0,0,0,0,0,0,0,0,1,1,1,0,0,1,0,0,0,0,0
0,0,1,0,1,4,14,3,2,2,2,0,8,1,1,0,5,1,1,1,0,0,0,0,0,0,0,0,0,0,1,3,2,4,1,0,1,0,0,0,1,0,3,0,0,0,0,0,0,0,0
0,0,0,0,1,0,4,0,0,0,0,1,0,1,0,0,0,0,0,0,3,0,0,0,0,0,0,0,0,0,1,2,0,1,0,1,0,1,1,0,0,0,0,0,0,1,0,0,0,0,1
1,0,0,0,1,1,8,3,0,0,0,3,4,1,1,0,3,3,0,0,0,0,0,1,1,1,0,1,10,1,0,1,1,0,0,0,2,0,0,0,0,0,0,0,0,1,1,3,0,1,1
0,0,0,0,0,0,0,1,0,0,0,0,2,0,0,0,0,0,0,0,0,0,0,0,0,0,0,0,1,0,0,0,0,0,0,0,0,0,0,0,0,0,1,0,0,0,0,0,0,0,0
0,0,0,1,0,0,6,1,0,0,0,1,0,1,0,1,1,1,0,0,1,0,1,0,0,0,0,0,0,0,0,1,0,1,2,0,0,1,0,0,0,0,0,0,0,0,0,1,0,0,0
0,0,0,0,0,0,4,1,0,0,0,0,2,0,1,0,0,1,0,0,0,0,1,0,0,0,0,0,0,1,0,0,4,2,0,0,0,0,0,2,0,0,1,0,0,0,0,0,0,0,1
0,1,0,0,0,0,8,0,0,0,0,0,2,1,1,0,4,0,0,0,1,0,0,3,0,1,0,0,3,0,0,1,0,1,0,0,0,2,1,0,0,0,0,0,0,0,0,0,0,1,1
0,0,0,0,0,1,2,1,1,0,0,0,0,0,0,0,0,0,1,1,0,2,0,0,0,1,0,0,2,0,0,0,0,0,0,0,0,1,0,0,1,1,0,0,0,0,0,0,0,0,0
0,0,0,1,0,0,4,0,0,1,0,0,0,0,0,0,1,0,0,0,1,0,0,1,0,0,0,1,5,0,0,1,0,0,0,1,1,2,0,2,0,1,0,0,0,0,1,0,0,0,1
1,1,0,5,0,1,0,0,1,0,1,2,3,0,0,0,1,0,0,0,0,0,1,1,1,0,1,1,7,0,0,3,0,1,0,0,0,0,0,0,0,0,0,0,0,0,0,0,1,2,0
0,0,0,0,0,0,2,0,0,0,0,0,0,0,0,0,0,0,0,0,0,0,0,0,0,0,0,0,0,0,0,0,0,0,0,0,0,1,1,0,0,0,0,0,0,0,0,0,0,0,1
0,0,0,0,1,1,0,0,0,0,0,0,2,0,1,0,0,0,0,0,0,0,0,0,0,0,0,0,0,0,0,1,0,0,0,1,0,1,0,0,0,0,0,0,1,0,0,0,1,0,0
0,0,0,0,1,0,10,1,0,0,0,0,0,0,0,0,0,1,0,4,0,0,0,0,0,1,1,0,5,1,0,1,0,0,0,0,0,0,1,2,1,0,0,0,0,1,1,0,0,0,0
0,0,0,0,1,0,0,3,0,1,0,0,3,1,0,2,0,0,0,0,0,0,0,0,0,0,0,0,3,1,0,1,1,0,0,0,1,0,0,0,0,0,2,0,0,0,2,0,1,0,1
2,3,4,0,0,0,4,0,1,0,0,0,6,1,1,1,2,1,1,0,2,2,0,0,0,0,2,0,1,2,0,1,1,0,3,0,0,0,1,0,0,0,2,1,0,0,0,2,1,0,1
0,0,0,1,0,0,6,0,0,2,0,0,0,0,1,0,0,0,0,0,0,0,0,0,0,0,0,0,4,1,0,0,0,0,1,0,0,1,0,0,0,0,0,0,0,0,1,0,0,0,0
0,1,2,1,0,1,2,0,1,2,0,1,10,0,0,0,1,0,0,0,2,0,2,0,0,2,0,0,2,1,0,1,1,0,0,0,0,0,0,0,0,0,2,0,0,0,0,1,2,0,0
0,0,1,0,0,0,8,2,2,0,0,0,2,1,0,0,2,2,0,0,0,0,1,0,0,2,0,0,5,0,0,0,0,2,2,1,0,1,0,2,0,0,0,1,1,0,0,1,1,1,1
0,0,0,0,0,0,0,0,0,0,1,0,0,0,0,0,0,0,0,0,0,0,0,0,0,0,0,0,3,0,0,2,0,0,0,0,0,0,0,0,0,0,1,0,0,0,0,0,1,0,1
0,0,0,0,0,0,0,0,0,0,0,0,0,0,0,0,0,0,0,1,0,0,0,0,0,1,0,0,0,0,0,1,0,0,0,0,0,0,0,0,0,0,1,0,0,0,1,0,0,0,0
0,0,1,0,0,0,0,0,0,0,0,0,0,1,0,0,3,0,0,0,0,0,0,0,0,0,0,0,0,0,0,1,0,0,1,0,0,0,3,0,0,0,0,0,0,0,0,0,0,0,0
2,1,1,1,0,0,8,0,0,2,0,1,0,1,1,0,1,0,0,1,0,0,0,2,1,1,1,0,4,1,0,0,0,0,0,0,1,0,0,0,0,0,1,0,0,0,0,1,0,0,0
0,0,0,0,0,0,0,0,0,0,0,0,0,0,1,1,0,5,0,0,0,0,0,3,0,0,0,0,5,1,1,1,0,0,0,0,0,2,1,1,0,0,0,0,1,0,1,0,1,0,1
0,0,0,0,0,0,0,0,1,0,1,0,2,0,0,0,1,0,0,0,0,0,0,0,0,2,0,0,2,0,0,0,1,0,0,0,0,2,1,2,0,0,0,0,0,1,0,0,0,0,0
1,0,0,0,0,0,0,0,0,0,0,0,0,0,0,1,0,0,0,0,0,0,0,0,1,2,0,0,3,0,1,1,0,0,2,0,0,0,0,0,0,0,1,0,0,0,1,1,0,0,0
1,1,0,1,0,1,0,0,0,3,1,0,2,0,1,1,3,0,1,1,3,0,0,1,0,1,2,0,5,1,1,3,0,0,0,0,0,0,0,2,1,0,1,0,1,1,4,1,0,0,1
1,0,0,0,1,1,16,4,0,0,0,0,3,0,1,0,3,0,0,0,0,0,1,1,0,0,0,0,0,0,0,1,1,2,0,0,0,0,0,0,0,0,2,0,0,1,0,0,0,0,1
0,0,2,2,0,0,0,0,0,0,0,0,4,0,0,0,0,0,0,1,1,0,0,0,0,0,0,1,0,1,0,0,0,0,1,0,0,0,0,0,0,0,0,0,0,1,1,2,1,0,1
0,0,1,1,0,3,0,0,1,0,0,0,0,0,0,0,3,0,0,0,3,1,0,0,0,0,0,0,1,2,0,1,2,0,0,1,0,0,0,0,0,0,0,0,0,0,0,0,1,0,1
1,1,0,0,0,0,0,0,0,0,1,0,3,0,1,0,0,2,1,1,2,2,0,0,0,3,0,1,1,0,0,0,1,0,1,1,2,1,3,1,0,0,3,0,4,2,2,1,0,2,1
0,0,1,0,2,1,6,1,0,1,0,0,5,0,0,0,1,0,0,0,0,0,0,0,2,0,4,0,0,0,0,2,0,1,0,0,0,0,0,0,0,0,0,0,0,0,0,0,1,0,0
0,0,0,1,0,0,0,0,0,0,0,0,0,0,0,0,0,0,0,0,0,0,0,0,0,1,1,0,0,0,0,0,0,0,0,0,0,0,0,0,0,0,0,0,0,0,0,1,1,0,0
0,0,0,0,0,0,0,0,0,0,0,0,0,0,0,0,0,0,0,0,0,0,0,0,1,1,0,0,1,0,0,0,0,1,1,0,0,1,0,0,0,0,0,1,0,0,0,0,0,0,0
0,0,0,0,0,0,0,0,0,0,0,0,0,0,0,1,0,0,0,0,0,0,0,0,0,0,0,0,2,0,0,1,0,0,1,0,0,0,0,0,0,0,0,0,0,0,0,0,0,0,0
0,1,1,0,0,0,2,3,3,0,0,0,0,1,0,0,0,0,0,0,0,0,0,3,0,0,0,0,0,0,0,1,0,0,0,0,1,1,0,2,1,2,2,0,0,2,0,0,0,0,1
0,1,0,0,0,0,22,4,1,0,1,0,14,0,0,0,0,1,0,0,0,0,0,1,1,1,0,0,1,0,0,2,0,1,0,0,0,0,0,0,0,0,0,1,0,0,0,0,1,0,0
0,0,0,0,0,0,4,0,0,0,0,0,0,0,0,0,0,1,0,1,3,0,0,0,0,0,1,0,1,0,1,5,0,1,4,0,0,0,0,0,0,0,1,0,0,0,0,1,1,0,1
1,1,1,0,0,1,2,1,0,0,0,0,2,0,0,0,0,0,0,0,0,0,0,0,1,1,0,0,2,0,0,0,0,0,1,1,1,0,0,0,0,0,2,1,0,1,0,0,3,0,1
0,0,1,2,0,1,8,1,0,1,0,0,2,0,1,0,0,0,0,0,0,1,0,0,0,0,0,0,6,0,0,0,1,0,2,0,0,0,0,0,0,0,0,1,0,0,1,0,0,0,0
1,1,0,0,0,0,4,0,0,0,0,1,0,0,0,0,0,0,0,0,0,1,0,0,0,0,0,0,2,0,0,0,0,0,0,0,0,2,0,1,0,0,1,0,0,0,0,0,0,0,0
0,0,0,0,0,0,0,0,0,0,0,0,0,0,0,0,0,0,0,0,0,0,1,0,0,0,0,0,0,0,0,1,1,0,0,0,0,0,0,0,0,0,0,0,0,0,0,0,0,0,1
0,0,0,1,1,1,10,1,7,0,1,0,11,1,1,1,3,1,0,1,2,1,0,0,3,1,0,1,6,2,0,2,0,0,5,0,0,1,1,1,1,0,0,1,0,0,1,0,1,2,0
0,1,0,0,0,0,0,0,0,0,0,1,0,0,1,0,0,0,1,0,0,0,0,0,0,0,0,0,3,0,1,1,1,0,0,0,0,0,2,0,0,1,0,0,0,0,0,0,0,0,1
1,1,0,2,0,0,2,0,1,1,0,0,0,0,0,0,0,0,0,0,2,0,0,0,0,0,0,0,4,0,0,1,0,0,1,1,0,0,0,0,0,1,0,0,1,1,1,0,1,0,0
0,1,0,0,0,0,4,0,0,0,0,1,2,0,1,1,1,0,1,0,2,0,0,0,0,0,0,0,0,0,1,1,0,0,0,0,0,1,0,0,0,0,1,0,0,0,0,0,0,0,0
0,0,0,0,1,0,0,0,0,0,0,3,1,0,1,1,0,0,0,0,1,0,0,0,1,1,0,0,1,0,0,2,0,0,0,0,2,1,0,0,0,0,0,0,0,1,1,0,1,0,1
0,0,0,1,0,1,10,0,2,1,0,0,12,0,2,1,3,0,1,0,3,0,3,1,0,1,2,0,4,3,1,2,0,1,2,0,5,0,0,0,0,1,0,4,0,1,1,0,0,0,0
1,1,0,0,0,1,0,0,0,0,0,0,5,0,0,1,0,0,0,0,1,0,0,0,0,2,0,0,1,0,0,1,0,0,0,0,0,0,0,0,0,0,1,1,0,1,0,2,0,1,0
0,0,0,0,0,0,4,0,0,1,0,0,0,0,0,0,0,2,2,1,0,1,0,0,0,0,0,0,0,0,1,2,0,0,0,0,0,2,0,0,0,0,0,1,0,1,0,0,0,1,0
0,0,0,0,0,1,0,0,1,1,0,1,2,2,1,0,1,0,0,0,0,0,0,0,0,1,0,0,4,0,0,0,0,0,0,1,1,0,0,0,1,1,1,0,1,1,0,0,2,0,0
0,0,0,0,4,0,14,0,0,0,1,0,1,1,1,1,0,0,0,1,2,0,2,0,0,2,1,0,0,1,1,3,0,0,0,1,0,2,1,1,0,1,1,0,0,0,1,0,3,0,0
0,0,1,0,0,0,6,0,0,0,0,0,2,0,0,0,0,0,1,0,0,1,0,0,0,0,0,0,3,0,0,1,0,0,0,0,2,0,0,0,1,0,2,0,0,0,0,0,0,0,0
0,0,0,0,0,1,0,0,0,0,0,0,1,0,0,0,1,1,0,0,0,0,0,0,0,0,1,0,1,0,0,1,0,0,0,0,0,0,0,0,2,1,1,0,0,1,0,0,1,0,0
1,0,0,0,0,0,8,1,0,1,0,0,1,0,3,1,1,0,1,0,0,0,0,0,0,3,1,2,3,2,0,1,1,0,0,0,1,0,0,0,0,0,0,0,0,0,0,0,0,0,0
0,0,0,0,0,0,8,1,0,0,0,0,1,0,0,0,1,0,0,0,0,0,0,0,0,1,1,1,2,0,0,1,0,0,0,0,0,0,0,0,0,0,1,1,0,2,0,0,0,0,0
0,1,1,1,0,0,12,2,0,0,0,0,5,1,1,3,1,2,0,0,0,2,0,0,1,0,0,0,2,0,0,4,0,0,1,0,0,0,0,1,0,0,1,1,0,0,1,1,3,1,1
0,1,2,0,1,1,0,0,2,0,0,2,1,0,0,0,0,1,0,0,2,0,0,0,1,0,2,0,2,0,0,2,0,0,0,0,0,1,0,0,0,0,0,0,0,0,0,0,0,0,1
0,0,0,0,2,0,8,0,0,0,0,1,5,2,0,0,0,0,0,0,0,0,0,0,0,1,0,0,1,0,0,2,0,0,0,0,0,0,0,0,0,0,0,0,0,0,0,0,0,0,1
0,0,0,0,0,0,0,0,0,1,0,0,1,0,0,0,0,1,0,0,1,0,0,0,0,0,0,0,3,0,0,0,0,0,0,0,2,0,0,0,0,1,0,1,0,0,0,0,0,0,1
1,0,0,2,0,1,2,0,0,0,0,0,1,0,1,0,0,0,2,0,1,0,2,0,0,1,0,0,2,1,0,0,0,1,2,1,2,0,0,0,1,0,2,0,0,0,0,2,0,0,0
0,0,0,0,0,0,6,0,0,0,1,1,1,2,3,2,2,1,0,1,5,2,2,4,1,1,2,1,6,5,0,4,1,2,3,2,1,3,0,1,3,0,2,1,2,1,3,2,1,1,1
1,1,0,0,0,0,34,1,1,0,1,0,9,0,0,0,0,0,0,2,0,1,0,1,0,2,0,0,3,0,0,1,1,1,0,0,0,0,0,0,0,0,0,1,0,0,2,2,1,0,1
0,0,0,0,2,0,8,0,0,0,0,1,1,0,1,0,1,0,0,1,2,0,0,0,2,2,2,2,10,0,2,0,0,0,0,1,0,0,0,0,0,0,1,0,0,0,0,0,0,0,1
0,1,1,4,4,0,12,3,1,0,0,0,7,1,2,1,0,0,0,2,2,0,2,1,1,2,0,0,7,1,2,2,0,2,0,0,0,2,0,2,0,0,0,1,2,1,3,3,1,0,0
0,1,3,0,0,0,2,0,0,1,2,0,1,4,0,0,0,0,0,1,1,1,0,0,1,0,0,0,10,1,1,0,0,0,0,0,0,1,0,0,0,1,6,0,1,0,0,0,1,2,1
0,0,1,0,0,0,2,0,0,0,1,1,4,0,2,0,1,0,6,0,0,0,0,0,0,0,0,0,0,0,0,1,0,0,0,0,0,1,0,1,0,0,0,0,0,0,3,0,0,0,1
1,1,0,0,0,0,4,0,0,0,0,0,0,0,0,0,0,0,0,0,0,0,0,0,0,0,0,0,2,0,0,0,0,0,0,0,0,0,0,0,0,0,0,0,0,0,0,0,2,0,0
0,0,0,0,0,0,0,0,0,0,0,0,2,0,0,0,0,0,1,0,0,0,0,0,0,0,0,0,6,0,0,0,0,0,1,1,0,0,0,0,1,0,0,0,0,0,0,1,0,0,0
0,0,0,0,1,2,0,0,0,0,0,0,3,0,0,0,0,2,0,0,0,0,0,1,0,2,0,0,0,1,0,2,0,1,0,0,0,0,0,2,0,0,0,1,0,0,0,1,2,0,1
0,0,0,1,0,0,8,1,1,1,2,0,5,0,1,0,0,1,1,4,2,0,0,0,1,2,0,0,0,1,0,4,2,0,1,0,1,1,1,3,1,0,1,2,1,1,0,0,2,0,0
0,0,0,0,0,0,0,1,0,0,3,0,3,0,3,2,1,0,0,1,1,1,1,0,0,1,0,1,0,0,0,0,0,1,2,1,1,0,0,0,0,0,1,0,0,1,0,0,0,0,1
0,0,0,0,0,1,0,0,0,1,1,1,1,0,2,3,0,0,1,0,0,0,1,0,0,1,0,0,1,1,0,1,0,1,2,0,0,1,0,1,1,0,0,0,2,0,0,0,0,1,1
1,1,0,0,1,0,4,0,0,0,0,0,3,1,1,0,0,0,0,1,0,0,0,0,0,0,0,1,2,0,0,0,0,1,0,0,1,0,0,0,0,0,0,0,0,0,0,0,0,1,1
0,1,0,0,0,0,4,1,0,0,0,0,6,0,0,1,0,1,1,1,0,1,0,0,1,2,0,0,0,0,1,0,1,0,0,0,0,1,0,0,0,0,0,0,0,0,0,0,0,0,1
0,2,0,0,0,0,0,1,1,0,1,0,0,0,0,0,0,1,0,2,0,0,0,0,0,1,0,0,5,0,2,0,3,0,0,0,0,0,0,0,0,1,0,0,0,0,0,0,0,0,1
1,0,0,0,0,0,2,1,0,0,2,0,6,0,1,0,0,0,0,1,0,0,0,0,1,2,0,0,0,0,0,1,1,0,1,0,0,2,0,0,0,0,1,0,0,2,0,0,2,0,1
0,0,0,0,0,0,2,3,0,0,1,0,0,0,0,0,0,0,0,0,0,0,1,0,1,0,1,1,1,0,1,2,0,0,0,0,0,0,0,0,0,0,0,0,0,0,0,0,1,1,0
0,0,0,0,0,0,4,0,0,0,2,0,0,0,0,1,0,0,1,1,0,0,0,1,1,1,0,0,2,1,1,2,1,0,0,0,0,0,0,0,0,0,1,0,0,0,0,0,2,0,0
1,0,0,2,2,0,4,0,0,0,0,1,1,0,0,1,1,0,0,0,1,0,0,0,1,0,0,0,4,0,1,1,0,0,0,1,0,0,0,1,0,1,3,1,0,1,0,1,2,0,0
0,1,0,0,0,0,0,1,0,0,1,0,5,0,0,0,0,0,0,0,0,0,0,0,0,1,0,0,1,0,0,0,1,1,0,1,0,0,0,0,0,1,2,0,0,0,0,0,0,0,0
0,0,0,0,0,1,4,0,0,0,0,0,1,1,0,0,2,0,1,0,0,0,0,0,0,0,3,3,1,2,1,3,1,0,0,0,0,2,0,0,2,1,2,0,1,2,2,0,2,0,0
0,0,0,0,1,0,6,0,0,0,0,0,0,0,0,0,0,0,0,0,0,0,0,0,0,1,0,0,0,0,0,0,0,0,0,0,0,0,1,0,0,0,3,0,1,1,0,0,0,0,1
0,1,0,0,0,0,18,0,0,0,0,0,0,0,0,0,0,0,0,0,1,0,1,0,0,2,0,0,3,0,1,0,0,0,1,1,0,0,0,0,0,0,0,0,1,0,1,1,0,0,0
0,1,1,0,0,1,4,1,2,4,1,0,18,1,1,0,0,2,1,0,4,1,0,0,3,0,0,3,0,0,0,2,0,0,0,0,2,1,3,0,1,1,3,0,0,0,2,1,0,2,1
0,0,1,0,0,0,0,1,0,0,0,0,0,1,0,0,0,0,1,0,1,0,2,0,1,0,0,0,4,0,0,1,1,0,0,0,0,0,0,1,0,0,1,0,0,0,0,0,1,0,0
1,0,0,1,1,0,0,0,0,0,0,0,4,0,0,0,1,0,0,0,0,0,0,0,0,1,0,0,3,0,1,0,1,0,0,0,0,0,0,0,0,0,1,0,0,2,0,0,0,1,1
0,0,0,0,0,0,0,0,1,0,0,1,0,0,0,0,0,0,0,0,0,0,0,0,0,0,0,0,2,0,0,2,0,0,0,0,0,0,0,0,1,1,0,0,0,0,0,0,0,0,1
0,0,0,0,0,0,0,0,0,0,0,0,4,0,0,1,1,2,0,0,1,0,0,0,0,0,0,0,5,0,0,1,1,0,0,0,0,2,0,0,0,0,0,0,1,1,0,0,1,0,1
2,0,0,0,0,0,4,0,0,1,0,0,0,1,1,0,0,1,0,0,0,2,0,2,0,0,0,0,4,0,1,0,0,0,2,0,0,0,0,1,0,0,2,0,0,1,0,1,0,1,1
0,0,2,0,0,0,10,2,1,0,0,0,0,0,2,0,0,0,1,0,1,0,0,0,0,2,1,0,1,0,0,2,1,0,0,2,0,0,0,2,1,1,0,2,0,0,0,3,3,0,1
0,0,0,0,0,0,0,0,1,0,0,1,3,0,0,0,0,0,1,0,1,0,0,1,3,3,0,0,4,0,1,0,0,0,0,0,0,1,1,0,0,1,1,0,0,0,0,0,0,0,1
1,1,0,0,0,1,0,0,1,0,5,0,12,0,0,1,1,0,0,0,0,0,0,0,0,0,0,0,3,0,0,1,0,0,0,1,0,1,0,2,0,0,0,0,1,1,0,0,1,0,0
0,0,0,1,0,1,0,0,0,0,0,0,0,1,0,0,0,0,0,0,1,0,0,0,2,1,0,0,4,1,0,1,0,0,0,0,0,0,0,0,0,1,0,0,0,0,0,0,0,0,1
0,0,0,0,0,0,0,0,0,0,0,0,7,1,1,0,0,0,1,0,1,1,0,0,0,0,0,0,2,0,1,1,0,0,0,1,0,0,0,0,0,0,0,1,0,0,0,0,2,0,1
1,0,0,1,0,0,6,0,0,2,0,0,0,1,5,0,1,0,0,0,1,0,0,0,0,2,1,0,6,0,0,0,0,0,0,0,0,0,0,1,0,0,1,1,0,0,0,1,0,0,0
1,1,1,2,1,1,8,2,0,0,0,0,0,0,1,0,3,0,0,0,1,0,1,0,0,0,0,3,2,3,0,0,1,0,2,0,1,0,0,4,0,1,2,0,1,0,1,1,0,0,0
0,0,1,0,2,0,6,0,0,0,0,0,4,0,0,1,2,2,0,0,2,0,0,0,0,0,0,0,3,3,0,3,0,0,0,1,0,0,0,1,0,0,0,0,0,1,0,1,1,0,1
0,0,1,0,0,0,8,0,0,0,0,1,10,2,0,1,0,0,0,0,0,0,0,0,2,1,1,1,4,0,2,3,0,0,0,0,0,1,0,0,0,0,1,4,0,0,0,1,0,1,1
0,1,0,0,0,0,2,0,0,0,0,0,0,1,0,0,0,0,0,1,2,0,0,1,0,0,0,0,0,0,0,3,0,0,0,0,1,0,4,1,0,0,0,0,0,0,0,0,0,0,1
